ID,target,prediction,probability
CUTTED3191_AMP=0,0.5001428,AMP,
DBAASP_15798_AMP=1,0.500617,AMP,
CUTTED6376_AMP=0,0.50063205,AMP,
CUTTED229_AMP=0,0.5006893,AMP,
DBAASP_13996_AMP=1,0.5009706,AMP,
CUTTED3871_AMP=0,0.5006304,AMP,
CUTTED2307_AMP=0,0.49863768,non-AMP,
CUTTED2780_AMP=0,0.50055814,AMP,
CUTTED3638_AMP=0,0.50058424,AMP,
CUTTED7980_AMP=0,0.50021815,AMP,
CUTTED5925_AMP=0,0.5000698,AMP,
CUTTED7076_AMP=0,0.5004214,AMP,
CUTTED2519_AMP=0,0.5000494,AMP,
DBAASP_15118_AMP=1,0.49990347,non-AMP,
CUTTED1381_AMP=0,0.50005484,AMP,
CUTTED5069_AMP=0,0.50027156,AMP,
CUTTED8551_AMP=0,0.49996123,non-AMP,
CUTTED6943_AMP=0,0.50044966,AMP,
DBAASP_9534_AMP=1,0.501832,AMP,
CUTTED6876_AMP=0,0.50120217,AMP,
CUTTED6612_AMP=0,0.50105405,AMP,
CUTTED7202_AMP=0,0.4997465,non-AMP,
DBAASP_11480_AMP=1,0.5016643,AMP,
CUTTED5526_AMP=0,0.49992913,non-AMP,
DBAASP_14113_AMP=1,0.50078285,AMP,
CUTTED1013_AMP=0,0.5011524,AMP,
CUTTED4530_AMP=0,0.50099957,AMP,
CUTTED953_AMP=0,0.49996948,non-AMP,
CUTTED9264_AMP=0,0.49973196,non-AMP,
CUTTED836_AMP=0,0.50149846,AMP,
CUTTED7811_AMP=0,0.50031215,AMP,
CUTTED6724_AMP=0,0.5002455,AMP,
CUTTED9668_AMP=0,0.5002209,AMP,
CUTTED3972_AMP=0,0.5002829,AMP,
CUTTED5372_AMP=0,0.49991757,non-AMP,
CUTTED13_AMP=0,0.5005808,AMP,
CUTTED3649_AMP=0,0.50008416,AMP,
CUTTED4229_AMP=0,0.50061077,AMP,
CUTTED7737_AMP=0,0.5006741,AMP,
CUTTED3392_AMP=0,0.50034285,AMP,
CUTTED3219_AMP=0,0.5002451,AMP,
DBAASP_10402_AMP=1,0.5019672,AMP,
DBAASP_14277_AMP=1,0.5009551,AMP,
CUTTED4302_AMP=0,0.49981874,non-AMP,
CUTTED8985_AMP=0,0.5002257,AMP,
CUTTED5294_AMP=0,0.500263,AMP,
DBAASP_9757_AMP=1,0.5002558,AMP,
CUTTED3821_AMP=0,0.5009513,AMP,
CUTTED4335_AMP=0,0.49910623,non-AMP,
CUTTED9952_AMP=0,0.49940962,non-AMP,
CUTTED4025_AMP=0,0.5009109,AMP,
CUTTED2753_AMP=0,0.50085866,AMP,
CUTTED1872_AMP=0,0.49890432,non-AMP,
CUTTED6995_AMP=0,0.49953005,non-AMP,
CUTTED8458_AMP=0,0.5010786,AMP,
CUTTED5393_AMP=0,0.50032926,AMP,
CUTTED2006_AMP=0,0.5011742,AMP,
CUTTED6398_AMP=0,0.50035524,AMP,
DBAASP_7399_AMP=1,0.500931,AMP,
CUTTED5318_AMP=0,0.50065875,AMP,
CUTTED4318_AMP=0,0.5011951,AMP,
CUTTED6605_AMP=0,0.50051963,AMP,
DBAASP_2615_AMP=1,0.5004024,AMP,
DBAASP_14066_AMP=1,0.50182253,AMP,
CUTTED5655_AMP=0,0.49943203,non-AMP,
CUTTED9944_AMP=0,0.5010619,AMP,
CUTTED8173_AMP=0,0.50084686,AMP,
CUTTED5931_AMP=0,0.50011253,AMP,
CUTTED2636_AMP=0,0.5003774,AMP,
CUTTED5396_AMP=0,0.5013801,AMP,
