ID,target,prediction,probability
CUTTED3191_AMP=0,0.5003601,AMP,0.6731473
DBAASP_15798_AMP=1,0.50095487,AMP,0.04553619
CUTTED6376_AMP=0,0.49993086,non-AMP,0.7569989
CUTTED229_AMP=0,0.49973992,non-AMP,0.83048284
DBAASP_13996_AMP=1,0.49998453,non-AMP,0.36659017
CUTTED3871_AMP=0,0.499996,non-AMP,0.922306
CUTTED2307_AMP=0,0.5005263,AMP,0.22521603
CUTTED2780_AMP=0,0.50057715,AMP,0.13880911
CUTTED3638_AMP=0,0.5001592,AMP,0.1018056
CUTTED7980_AMP=0,0.4999419,non-AMP,0.67358506
CUTTED5925_AMP=0,0.499781,non-AMP,0.15645924
CUTTED7076_AMP=0,0.5007152,AMP,0.986754
CUTTED2519_AMP=0,0.5005747,AMP,0.7019212
DBAASP_15118_AMP=1,0.5006539,AMP,0.05820641
CUTTED1381_AMP=0,0.50068325,AMP,0.35673267
CUTTED5069_AMP=0,0.5012075,AMP,0.23211211
CUTTED8551_AMP=0,0.4998968,non-AMP,0.19577092
CUTTED6943_AMP=0,0.50018525,AMP,0.18354529
DBAASP_9534_AMP=1,0.50004756,AMP,0.064174
CUTTED6876_AMP=0,0.5001861,AMP,0.11741468
CUTTED6612_AMP=0,0.49974883,non-AMP,0.098891705
CUTTED7202_AMP=0,0.500439,AMP,0.13756725
DBAASP_11480_AMP=1,0.49992573,non-AMP,0.027610302
CUTTED5526_AMP=0,0.50005114,AMP,0.042674243
DBAASP_14113_AMP=1,0.5002518,AMP,0.13440064
CUTTED1013_AMP=0,0.4995671,non-AMP,0.101944685
CUTTED4530_AMP=0,0.50015426,AMP,0.13675135
CUTTED953_AMP=0,0.49978912,non-AMP,0.13057074
CUTTED9264_AMP=0,0.5003929,AMP,0.16564155
CUTTED836_AMP=0,0.49961883,non-AMP,0.09660247
CUTTED7811_AMP=0,0.5002827,AMP,0.11802554
CUTTED6724_AMP=0,0.5010068,AMP,0.4192177
CUTTED9668_AMP=0,0.4998928,non-AMP,0.1099112
CUTTED3972_AMP=0,0.5002443,AMP,0.056896
CUTTED5372_AMP=0,0.49996614,non-AMP,0.92975783
CUTTED13_AMP=0,0.4989476,non-AMP,0.18367389
CUTTED3649_AMP=0,0.5001501,AMP,0.23177287
CUTTED4229_AMP=0,0.50048155,AMP,0.074696004
CUTTED7737_AMP=0,0.4985355,non-AMP,0.10828981
CUTTED3392_AMP=0,0.5013099,AMP,0.1315451
CUTTED3219_AMP=0,0.5000067,AMP,0.71164286
DBAASP_10402_AMP=1,0.500224,AMP,0.1056484
DBAASP_14277_AMP=1,0.49999177,non-AMP,0.08819544
CUTTED4302_AMP=0,0.5010911,AMP,0.2585106
CUTTED8985_AMP=0,0.49953336,non-AMP,0.05537337
CUTTED5294_AMP=0,0.5004105,AMP,0.1504111
DBAASP_9757_AMP=1,0.50017977,AMP,0.052199185
CUTTED3821_AMP=0,0.49971986,non-AMP,0.07535496
CUTTED4335_AMP=0,0.50089425,AMP,0.13813189
CUTTED9952_AMP=0,0.50068486,AMP,0.14296255
CUTTED4025_AMP=0,0.50066966,AMP,0.19259208
CUTTED2753_AMP=0,0.5003929,AMP,0.09789649
CUTTED1872_AMP=0,0.5012463,AMP,0.12002537
CUTTED6995_AMP=0,0.5005623,AMP,0.11661953
CUTTED8458_AMP=0,0.50015914,AMP,0.018794507
CUTTED5393_AMP=0,0.5005574,AMP,0.19453362
CUTTED2006_AMP=0,0.49935216,non-AMP,0.038804978
CUTTED6398_AMP=0,0.5006952,AMP,0.02119103
DBAASP_7399_AMP=1,0.4999906,non-AMP,0.037025332
CUTTED5318_AMP=0,0.50007653,AMP,0.09657547
CUTTED4318_AMP=0,0.5001741,AMP,0.16192171
CUTTED6605_AMP=0,0.50018954,AMP,0.12758216
DBAASP_2615_AMP=1,0.5005833,AMP,0.16267544
DBAASP_14066_AMP=1,0.49951804,non-AMP,0.13440013
CUTTED5655_AMP=0,0.5002972,AMP,0.21867755
CUTTED9944_AMP=0,0.5005283,AMP,0.054028273
CUTTED8173_AMP=0,0.5004046,AMP,0.51944095
CUTTED5931_AMP=0,0.4999724,non-AMP,0.17532825
CUTTED2636_AMP=0,0.50050724,AMP,0.03177136
CUTTED5396_AMP=0,0.49932438,non-AMP,0.14280546
